HOUR,CONTRIBUTING,sum(TOTAL),count(TOTAL),CASUALTY_PER_INCIDENT
0,glare,7.0,16,0.4375
1,glare,1.0,1,1.0
2,glare,1.0,3,0.3333333333333333
3,glare,0.0,2,0.0
4,glare,2.0,5,0.4
5,glare,0.0,2,0.0
6,glare,47.0,55,0.8545454545454545
7,glare,89.0,150,0.5933333333333334
8,glare,197.0,342,0.5760233918128655
9,glare,89.0,185,0.4810810810810811
10,glare,66.0,107,0.616822429906542
11,glare,34.0,78,0.4358974358974359
12,glare,38.0,80,0.475
13,glare,50.0,101,0.49504950495049505
14,glare,69.0,151,0.45695364238410596
15,glare,66.0,148,0.44594594594594594
16,glare,82.0,179,0.4581005586592179
17,glare,78.0,160,0.4875
18,glare,62.0,115,0.5391304347826087
19,glare,31.0,57,0.543859649122807
20,glare,25.0,33,0.7575757575757576
21,glare,14.0,28,0.5
22,glare,1.0,8,0.125
23,glare,2.0,3,0.6666666666666666
