HOUR,sum(TOTAL),count(TOTAL),CASUALTY_PER_INCIDENT
0,7453.0,26714,0.2789922886875795
1,4428.0,14919,0.2968027347677458
2,3579.0,11415,0.3135348226018397
3,3171.0,9798,0.32363747703612983
4,3816.0,11155,0.3420887494397131
5,3682.0,11883,0.3098544138685517
6,5261.0,18473,0.28479402371027984
7,7378.0,26298,0.2805536542702867
8,13142.0,55731,0.23581130788968438
9,11156.0,55043,0.20267790636411534
10,9703.0,51601,0.18803899149241293
11,10534.0,53781,0.19586842937096743
12,11934.0,57000,0.2093684210526316
13,12831.0,60137,0.21336282155744385
14,15371.0,68956,0.22291026161610303
15,15534.0,61658,0.2519381102208959
16,17297.0,73192,0.23632364192807956
17,17698.0,70846,0.24980944584027326
18,17312.0,62754,0.27587086082162093
19,14519.0,51234,0.2833860327126518
20,13025.0,42650,0.30539273153575613
21,10941.0,35322,0.3097502972651605
22,9933.0,31310,0.3172468859789205
23,8138.0,24752,0.328781512605042
